0 70 0
0 70 0
1 70 0
2 70 0
3 70 0
4 70 0
5 70 0
6 70 0
7 70 0
8 70 0
9 70 0
10 70 0
11 70 0
12 70 0
13 70 0
14 70 0
15 70 0
16 70 0
17 70 0
18 70 0
19 70 0
20 70 0
21 70 0
22 70 0
23 70 0
24 70 0
25 70 0
26 70 0
27 70 0
28 70 0
29 70 0
30 70 0
31 70 0
32 70 0
33 70 0
34 70 0
35 70 0
36 70 0
37 70 0
38 70 0
39 70 0
40 70 0
41 70 0
42 70 0
43 70 0
44 70 0
45 70 0
46 70 0
47 70 0
48 70 0
49 70 0
50 70 0
51 70 0
52 70 0
53 70 0
54 70 0
55 70 1
56 70 2
57 70 3
58 70 3
59 70 3
60 70 3
61 70 3
62 70 3
63 70 3
64 70 3
65 70 3
66 70 3
67 70 3
68 70 3
69 70 3
70 70 3
71 70 3
72 70 3
73 70 3
74 70 3
75 70 3
76 70 3
77 70 3
78 70 3
79 70 3
80 70 3
81 70 3
82 70 3
83 70 3
84 70 2
85 70 1
86 70 0
87 70 0
88 70 0
89 70 0
90 70 0
91 70 0
92 70 0
93 70 0
94 70 0
95 70 0
96 70 0
97 70 0
98 70 0
99 70 0
100 70 0
101 70 0
102 70 0
103 70 0
104 70 0
105 70 0
106 70 0
107 70 0
108 70 0
109 70 0
110 70 0
111 70 0
112 70 0
113 70 0
114 70 0
115 70 0
116 70 0
117 69 0
118 68 0
119 67 0
120 66 0
121 65 0
122 65 0
123 65 0
124 65 0
125 65 0
126 65 0
127 65 0
128 65 0
129 65 0
130 65 0
131 65 0
132 66 0
133 67 0
134 68 0
135 69 0
136 70 0
137 70 0
138 70 0
139 70 0
140 70 0
141 70 0
142 70 0
143 70 0
144 70 0
145 70 0
146 70 0
147 69 0
148 68 0
149 67 0
150 66 0
151 65 0
152 64 0
153 63 0
154 62 0
155 61 0
156 60 0
157 60 0
158 60 0
159 60 0
160 60 0
161 60 0
162 60 0
163 60 0
164 60 0
165 60 0
166 60 0
167 60 0
168 60 0
169 60 0
170 60 0
170 60 0
170 60 0
170 60 0
170 60 0
